95422357545868773174
24566191298259441958
34757881545564825469
86423251489513547814
87644589767235751278
83611217787131623764
77357181765565881712
69784397641366523358
94633183897442216263
51266853755242959495
47645353848261762733
13962249673782818873
58621987485189493458
82311137441676854855
96283828549293582154
53217241974622374851
68669681828167918714
56143154365572555925
27896576888585419157
46565523792879525651
45891646588282653653
58394673738363479711
24868725991495941791
18464952724599794541
36471831629597527692
18894343874487114593
58753341481693519357
46686126664723912617
26157725535342958734
45181711686498539573
89595214973944741569
46795546452461924718
58543948846147444894
95816848551553591972
29928294159595966665
59173588212952149899
15894121146171245859
27339593592287643514
15729139536147357921
28896788314883783694
42427362117851166289
83832633978824963498
61651237851471693467
23425766159949344565
89561155778381224786
19923483733677217414
88238865348548177599
22562953873696115778
93939554798235577824
41345886785341824719
49457849463531253877
79119896479919978154
14587641734852636556
12828465417162425638
89652647769272174299
62674423599559611381
93588515164392385464
46272557822973756178
72127651531238488274
36186416185533628879
39872823356836557299
83124735536638543662
66457758224248297846
66288438491345877428
62583957736626642436
27781935358763473654
11175367321837619339
74221753446134272443
18653357442382399271
53314433567267861299
59273945326667593551
47579787244471735355
12355323451352648199
29642269997333231929
79364581679871673436
78773219955848774662
42877968681238123839
52716319682627227166
54116891659648188276
16544223482564262251
71331663334214782629
92532614924848122335
59653869843182736864
54245329189634622897
45555647314236192535
21768511619615381713
71977541969988169311
17234365488732751286
16468669874635522779
69145476641317269411
72526375511623525659
72932268199774867936
58682891142534274651
49774253957559819423
21975832192485527783
12468599676464761536
91311822884353618652
25671976573795816929
23125476433332947365
83555933927224519333
